100
3 1 5 15 13 11
3 0 8 23 22 21
1 0 0 28
3 2 3 23 30 9
1 0 3 6
1 0 1 11
3 0 10 30 30 30
2 0 0 15 23
3 0 3 13 24 25
3 2 10 7 15 6
3 0 2 29 12 20
3 1 7 18 17 18
3 0 4 29 24 8
2 2 8 23 18
1 0 3 5
2 2 6 16 21
2 1 1 19 0
1 0 2 18
2 0 3 9 5
1 1 6 7
3 0 7 26 17 9
2 2 0 27 19
3 3 4 24 19 26
2 0 2 3 28
1 0 6 14
1 0 5 10
3 0 7 23 6 13
1 0 6 15
3 1 8 18 22 8
1 1 10 25
2 2 10 14 19
2 1 7 11 22
2 1 7 18 17
2 2 0 10 9
1 1 0 2
1 1 2 26
2 0 2 0 8
3 0 10 30 12 26
2 1 2 28 22
1 1 8 16
2 2 7 11 20
3 1 10 3 26 14
2 0 4 6 14
2 0 5 30 12
1 0 5 12
2 0 8 21 20
1 1 8 26
2 0 5 12 17
3 0 0 0 0 0
2 1 8 4 27
3 0 10 10 27 26
2 1 10 0 26
2 0 3 24 17
2 0 1 9 10
1 0 3 26
2 2 10 26 27
1 0 5 12
2 1 10 26 26
1 1 9 5
1 0 2 1
3 1 6 27 20 29
1 0 3 5
3 0 8 21 20 7
1 0 5 8
2 1 5 12 11
1 0 0 27
1 0 6 12
2 2 5 20 10
3 0 2 11 3 28
1 0 10 21
1 0 8 25
2 0 8 26 21
3 0 1 0 0 0
1 0 7 30
2 1 6 14 15
3 0 5 11 22 20
1 0 3 2
3 0 8 20 5 20
3 3 7 22 25 17
3 0 1 4 19 19
3 3 5 2 21 21
2 2 1 9 10
3 3 7 21 19 20
2 0 7 20 14
3 0 8 21 21 20
3 0 5 11 12 12
2 2 2 16 5
3 3 5 16 9 19
2 0 7 25 18
1 0 4 24
2 0 0 30 30
3 1 10 6 9 21
2 0 6 14 28
2 1 10 9 10
2 0 10 27 27
1 0 10 26
1 1 8 5
3 0 7 18 4 18
3 2 9 14 6 30
3 3 4 4 22 25
